0

0233

06111518202121

0713182225272828

0713182225272828

01427395060697784909599102104105105

0193754708599112124135145154162169175180184187189190190

0152942546575849299105110114117119120120

0112130384551566063656666

078155231306380453525596666735803870936100110651128119012511311137014281485154115961650170317551806185619051953200020462091213521782220226123012340237824152451248625202553258526162646267527032730275627812805282828502871289129102928294529612976299030033015302630363045305330603066307130753078308030813081

0275378102125147168188207225252278303327350372393413432450467483498512525537548558567575582588593597600602603603

04283123162200237273308342375407438468497525552578603627650672693713732750767783798812825837848858867875882888893897900902903903

047931381822252673083483874254624985335676006326636937227507778038288528758979189389579759921008102310701116116112051248129013311371141014481485152115561590162316551686171617451773180018261851187518981920194119611980199820152062210821532197224022822323236324022440247725132548258226152647267827082737276527922818284328672914296030053049309231343175322232683313335734003442348335233562360036373673370837553801384638903933397540164056409541334180422642714315435844004441448145204558459546314666470047334765479648264855488349104936496149855008503050515071509051085125514151565170518351955206521652255233524052465293533953845428547155135554560156475692573657795821586259025941597960166052608761216154618662176247627663046331635763826406642964516472649265116529654665626577659166046616662766376646665466616667667266766679668166826682
