stages = [

  new Stage('INTRO',
    new Board([
      [0, 1, 1, 1]
    ], 0, 0)),

  new Stage('DOUBLE DECKER',
    new Board([
      [0, 1, 1, 1],
      [1, 1, 1, 1]
    ], 0, 0)),

  new Stage('TIC-TAC-TOE',
    new Board([
      [0, 1, 1],
      [1, 1, 1],
      [1, 1, 1]
    ], 0, 0)),

  new Stage('LAYERS',
    new Board([
      [0, 1, 2, 2, 2, 1, 0]
    ], 0, 0)),

  new Stage('GROOVY',
    new Board([
      [0, 2, 2, 2, 1],
      [1, 2, 2, 2, 1]
    ], 0, 0)),

  new Stage('C THIS',
    new Board([
      [0, 2, 2, 2, 1],
      [1, 2, 0, 1, 1],
      [1, 2, 2, 2, 1]
    ], 0, 0)),

  new Stage('CROSS TRAINING',
    new Board([
      [0, 0, 1, 0, 0],
      [0, 1, 2, 1, 0],
      [1, 2, 0, 2, 1],
      [0, 1, 2, 1, 0],
      [0, 0, 1, 0, 0]
    ], 1, 2)),

  new Stage('MORE NOW',
    new Board([
      [0, 1, 2, 3, 3, 2, 1, 0]
    ], 0, 0)),

  new Stage('SQUARE',
    new Board([
      [0, 1, 1, 1, 1, 1, 1],
      [1, 2, 2, 2, 2, 2, 1],
      [1, 2, 3, 3, 3, 2, 1],
      [1, 2, 3, 0, 3, 2, 1],
      [1, 2, 3, 3, 3, 2, 1],
      [1, 2, 2, 2, 2, 2, 1],
      [1, 1, 1, 1, 1, 1, 1]
    ], 0, 0)),

  new Stage('LIFT?',
    new Board([
      [0, 1, 1, 0, 0, 1, 1, 0],
      [1, 1, 1, 2, 2, 1, 1, 1],
      [1, 1, 1, 2, 2, 1, 1, 1],
      [0, 1, 1, 0, 0, 1, 1, 0]
    ], 0, 0)),

  new Stage('MAZEY DAY',
    new Board([
      [0, 1, 1, 1, 1, 1],
      [1, 0, 2, 1, 0, 1],
      [2, 0, 2, 0, 0, 1],
      [2, 1, 2, 1, 1, 2],
      [1, 0, 0, 0, 0, 2],
      [1, 3, 2, 2, 2, 3],
      [0, 2, 0, 0, 0, 1]
    ], 0, 0)),

  new Stage('SMILE',
    new Board([
      [0, 1, 1, 1, 1, 0],
      [1, 1, 1, 1, 1, 1],
      [1, 2, 1, 1, 2, 1],
      [1, 1, 1, 1, 1, 1],
      [1, 3, 3, 3, 3, 1],
      [0, 1, 3, 3, 1, 0],
      [0, 0, 1, 1, 0, 0]
    ], 0, 0)),

  new Stage('BATTENBERGS',
    new Board([
      [0, 0],
      [1, 2, 1, 2, 1],
      [3, 4, 3, 4, 3],
      [4, 3, 4, 3, 4],
      [3, 4, 3, 4, 3],
      [1, 2, 1, 2, 1]
    ], 1, 0)),

]
